-- 51983 23714 87052 47930 16108 97413 34876 79123 60947 10824
-- 35419 68204 94076 38215 16738 79204 54316 68095 12370 49207
-- 91025 70538 24379 82749 60217 74850 15427 92184 37946 68953
-- 51803 13704 87213 40829 62314 91047 15394 74308 56127 20836
-- 31025 87431 92784 30947 61952 53860 82413 14920 79436 51027
-- 20495 34578 82941 51293 27841 10853 61520 73485 90147 39208
-- 14972 49206 80937 17284 63849 48901 31572 90487 14326 28194
-- 81290 50638 91035 64329 74819 32084 98301 15473 41720 24836
-- 63519 29340 98502 70481 21396 48752 15396 80247 50471 70935
-- 42618 35827 89402 39057 62183 74350 23109 81752 20683 34791
-- 75918 18243 69720 15384 27498 10593 93402 84629 17593 20438
-- 69283 40129 87902 13405 69743 43109 32148 71825 98604 27395
-- 45182 31028 83502 20419 69017 80324 14739 61950 27803 93470
-- 58931 74062 18754 40972 59041 38417 80961 17408 72430 98124
-- 26091 47152 36820 54710 70391 68123 24798 32109 98620 73214
-- 49601 28364 17435 91028 13604 50814 60279 81735 92401 36495
-- 80361 50491 73920 21874 68142 15439 90416 78102 47631 28390
-- 13478 29084 81625 73905 29418 13057 94821 17502 20594 87061
-- 51983 23714 87052 47930 16108 97413 34876 79123 60947 10824
-- 35419 68204 94076 38215 16738 79204 54316 68095 12370 49207
-- 91025 70538 24379 82749 60217 74850 15427 92184 37946 68953
-- 51803 13704 87213 40829 62314 91047 15394 74308 56127 20836
-- 31025 87431 92784 30947 61952 53860 82413 14920 79436 51027
-- 20495 34578 82941 51293 27841 10853 61520 73485 90147 39208
-- 14972 49206 80937 17284 63849 48901 31572 90487 14326 28194
-- 81290 50638 91035 64329 74819 32084 98301 15473 41720 24836
-- 63519 29340 98502 70481 21396 48752 15396 80247 50471 70935
-- 42618 35827 89402 39057 62183 74350 23109 81752 20683 34791
-- 75918 18243 69720 15384 27498 10593 93402 84629 17593 20438
-- 69283 40129 87902 13405 69743 43109 32148 71825 98604 27395
-- 45182 31028 83502 20419 69017 80324 14739 61950 27803 93470
-- 58931 74062 18754 40972 59041 38417 80961 17408 72430 98124
-- 26091 47152 36820 54710 70391 68123 24798 32109 98620 73214
-- 49601 28364 17435 91028 13604 50814 60279 81735 92401 36495
-- 80361 50491 73920 21874 68142 15439 90416 78102 47631 28390
-- 13478 29084 81625 73905 29418 13057 94821 17502 20594 87061

-- 51983 23714 87052 47930 16108 97413 34876 79123 60947 10824
-- 35419 68204 94076 38215 16738 79204 54316 68095 12370 49207
-- 91025 70538 24379 82749 60217 74850 15427 92184 37946 68953
-- 51803 13704 87213 40829 62314 91047 15394 74308 56127 20836
-- 31025 87431 92784 30947 61952 53860 82413 14920 79436 51027
-- 20495 34578 82941 51293 27841 10853 61520 73485 90147 39208
-- 14972 49206 80937 17284 63849 48901 31572 90487 14326 28194
-- 81290 50638 91035 64329 74819 32084 98301 15473 41720 24836
-- 63519 29340 98502 70481 21396 48752 15396 80247 50471 70935
-- 42618 35827 89402 39057 62183 74350 23109 81752 20683 34791
-- 75918 18243 69720 15384 27498 10593 93402 84629 17593 20438
-- 69283 40129 87902 13405 69743 43109 32148 71825 98604 27395
-- 45182 31028 83502 20419 69017 80324 14739 61950 27803 93470
-- 58931 74062 18754 40972 59041 38417 80961 17408 72430 98124
-- 26091 47152 36820 54710 70391 68123 24798 32109 98620 73214
-- 49601 28364 17435 91028 13604 50814 60279 81735 92401 36495
-- 80361 50491 73920 21874 68142 15439 90416 78102 47631 28390
-- 13478 29084 81625 73905 29418 13057 94821 17502 20594 87061
-- 51983 23714 87052 47930 16108 97413 34876 79123 60947 10824
-- 35419 68204 94076 38215 16738 79204 54316 68095 12370 49207
-- 91025 70538 24379 82749 60217 74850 15427 92184 37946 68953
-- 51803 13704 87213 40829 62314 91047 15394 74308 56127 20836
-- 31025 87431 92784 30947 61952 53860 82413 14920 79436 51027
-- 20495 34578 82941 51293 27841 10853 61520 73485 90147 39208
-- 14972 49206 80937 17284 63849 48901 31572 90487 14326 28194
-- 81290 50638 91035 64329 74819 32084 98301 15473 41720 24836
-- 63519 29340 98502 70481 21396 48752 15396 80247 50471 70935
-- 42618 35827 89402 39057 62183 74350 23109 81752 20683 34791
-- 75918 18243 69720 15384 27498 10593 93402 84629 17593 20438
-- 69283 40129 87902 13405 69743 43109 32148 71825 98604 27395
-- 45182 31028 83502 20419 69017 80324 14739 61950 27803 93470
-- 58931 74062 18754 40972 59041 38417 80961 17408 72430 98124
-- 26091 47152 36820 54710 70391 68123 24798 32109 98620 73214
-- 49601 28364 17435 91028 13604 50814 60279 81735 92401 36495
-- 80361 50491 73920 21874 68142 15439 90416 78102 47631 28390
-- 13478 29084 81625 73905 29418 13057 94821 17502 20594 87061
-- 51983 23714 87052 47930 16108 97413 34876 79123 60947 10824
-- 35419 68204 94076 38215 16738 79204 54316 68095 12370 49207
-- 91025 70538 24379 82749 60217 74850 15427 92184 37946 68953
-- 51803 13704 87213 40829 62314 91047 15394 74308 56127 20836
-- 31025 87431 92784 30947 61952 53860 82413 14920 79436 51027
-- 20495 34578 82941 51293 27841 10853 61520 73485 90147 39208
-- 14972 49206 80937 17284 63849 48901 31572 90487 14326 28194
-- 81290 50638 91035 64329 74819 32084 98301 15473 41720 24836
-- 63519 29340 98502 70481 21396 48752 15396 80247 50471 70935
-- 42618 35827 89402 39057 62183 74350 23109 81752 20683 34791
-- 75918 18243 69720 15384 27498 10593 93402 84629 17593 20438
-- 69283 40129 87902 13405 69743 43109 32148 71825 98604 27395
-- 45182 31028 83502 20419 69017 80324 14739 61950 27803 93470
-- 58931 74062 18754 40972 59041 38417 80961 17408 72430 98124
-- 26091 47152 36820 54710 70391 68123 24798 32109 98620 73214
-- 49601 28364 17435 91028 13604 50814 60279 81735 92401 36495
-- 80361 50491 73920 21874 68142 15439 90416 78102 47631 28390
-- 13478 29084 81625 73905 29418 13057 94821 17502 20594 87061
-- 51983 23714 87052 47930 16108 97413 34876 79123 60947 10824
-- 35419 68204 94076 38215 16738 79204 54316 68095 12370 49207
-- 91025 70538 24379 82749 60217 74850 15427 92184 37946 68953
-- 51803 13704 87213 40829 62314 91047 15394 74308 56127 20836
-- 31025 87431 92784 30947 61952 53860 82413 14920 79436 51027
-- 20495 34578 82941 51293 27841 10853 61520 73485 90147 39208
-- 14972 49206 80937 17284 63849 48901 31572 90487 14326 28194
-- 81290 50638 91035 64329 74819 32084 98301 15473 41720 24836
-- 63519 29340 98502 70481 21396 48752 15396 80247 50471 70935
-- 42618 35827 89402 39057 62183 74350 23109 81752 20683 34791
-- 75918 18243 69720 15384 27498 10593 93402 84629 17593 20438
-- 69283 40129 87902 13405 69743 43109 32148 71825 98604 27395
-- 45182 31028 83502 20419 69017 80324 14739 61950 27803 93470
-- 58931 74062 18754 40972 59041 38417 80961 17408 72430 98124
-- 26091 47152 36820 54710 70391 68123 24798 32109 98620 73214
-- 49601 28364 17435 91028 13604 50814 60279 81735 92401 36495
-- 80361 50491 73920 21874 68142 15439 90416 78102 47631 28390
-- 13478 29084 81625 73905 29418 13057 94821 17502 20594 87061

-- 51983 23714 87052 47930 16108 97413 34876 79123 60947 10824
-- 35419 68204 94076 38215 16738 79204 54316 68095 12370 49207
-- 91025 70538 24379 82749 60217 74850 15427 92184 37946 68953
-- 51803 13704 87213 40829 62314 91047 15394 74308 56127 20836
-- 31025 87431 92784 30947 61952 53860 82413 14920 79436 51027
-- 20495 34578 82941 51293 27841 10853 61520 73485 90147 39208
-- 14972 49206 80937 17284 63849 48901 31572 90487 14326 28194
-- 81290 50638 91035 64329 74819 32084 98301 15473 41720 24836
-- 63519 29340 98502 70481 21396 48752 15396 80247 50471 70935
-- 42618 35827 89402 39057 62183 74350 23109 81752 20683 34791
-- 75918 18243 69720 15384 27498 10593 93402 84629 17593 20438
-- 69283 40129 87902 13405 69743 43109 32148 71825 98604 27395
-- 45182 31028 83502 20419 69017 80324 14739 61950 27803 93470
-- 58931 74062 18754 40972 59041 38417 80961 17408 72430 98124
-- 26091 47152 36820 54710 70391 68123 24798 32109 98620 73214
-- 49601 28364 17435 91028 13604 50814 60279 81735 92401 36495
-- 80361 50491 73920 21874 68142 15439 90416 78102 47631 28390
-- 13478 29084 81625 73905 29418 13057 94821 17502 20594 87061
-- 51983 23714 87052 47930 16108 97413 34876 79123 60947 10824
-- 35419 68204 94076 38215 16738 79204 54316 68095 12370 49207
-- 91025 70538 24379 82749 60217 74850 15427 92184 37946 68953
-- 51803 13704 87213 40829 62314 91047 15394 74308 56127 20836
-- 31025 87431 92784 30947 61952 53860 82413 14920 79436 51027
-- 20495 34578 82941 51293 27841 10853 61520 73485 90147 39208
-- 14972 49206 80937 17284 63849 48901 31572 90487 14326 28194
-- 81290 50638 91035 64329 74819 32084 98301 15473 41720 24836
-- 63519 29340 98502 70481 21396 48752 15396 80247 50471 70935
-- 42618 35827 89402 39057 62183 74350 23109 81752 20683 34791
-- 75918 18243 69720 15384 27498 10593 93402 84629 17593 20438
-- 69283 40129 87902 13405 69743 43109 32148 71825 98604 27395
-- 45182 31028 83502 20419 69017 80324 14739 61950 27803 93470
-- 58931 74062 18754 40972 59041 38417 80961 17408 72430 98124
-- 26091 47152 36820 54710 70391 68123 24798 32109 98620 73214
-- 49601 28364 17435 91028 13604 50814 60279 81735 92401 36495
-- 80361 50491 73920 21874 68142 15439 90416 78102 47631 28390
-- 13478 29084 81625 73905 29418 13057 94821 17502 20594 87061

-- 51983 23714 87052 47930 16108 97413 34876 79123 60947 10824
-- 35419 68204 94076 38215 16738 79204 54316 68095 12370 49207
-- 91025 70538 24379 82749 60217 74850 15427 92184 37946 68953
-- 51803 13704 87213 40829 62314 91047 15394 74308 56127 20836
-- 31025 87431 92784 30947 61952 53860 82413 14920 79436 51027
-- 20495 34578 82941 51293 27841 10853 61520 73485 90147 39208
-- 14972 49206 80937 17284 63849 48901 31572 90487 14326 28194
-- 81290 50638 91035 64329 74819 32084 98301 15473 41720 24836
-- 63519 29340 98502 70481 21396 48752 15396 80247 50471 70935
-- 42618 35827 89402 39057 62183 74350 23109 81752 20683 34791
-- 75918 18243 69720 15384 27498 10593 93402 84629 17593 20438
-- 69283 40129 87902 13405 69743 43109 32148 71825 98604 27395
-- 45182 31028 83502 20419 69017 80324 14739 61950 27803 93470
-- 58931 74062 18754 40972 59041 38417 80961 17408 72430 98124
-- 26091 47152 36820 54710 70391 68123 24798 32109 98620 73214
-- 49601 28364 17435 91028 13604 50814 60279 81735 92401 36495
-- 80361 50491 73920 21874 68142 15439 90416 78102 47631 28390
-- 13478 29084 81625 73905 29418 13057 94821 17502 20594 87061
-- 51983 23714 87052 47930 16108 97413 34876 79123 60947 10824
-- 35419 68204 94076 38215 16738 79204 54316 68095 12370 49207
-- 91025 70538 24379 82749 60217 74850 15427 92184 37946 68953
-- 51803 13704 87213 40829 62314 91047 15394 74308 56127 20836
-- 31025 87431 92784 30947 61952 53860 82413 14920 79436 51027
-- 20495 34578 82941 51293 27841 10853 61520 73485 90147 39208
-- 14972 49206 80937 17284 63849 48901 31572 90487 14326 28194
-- 81290 50638 91035 64329 74819 32084 98301 15473 41720 24836
-- 63519 29340 98502 70481 21396 48752 15396 80247 50471 70935
-- 42618 35827 89402 39057 62183 74350 23109 81752 20683 34791
-- 75918 18243 69720 15384 27498 10593 93402 84629 17593 20438
-- 69283 40129 87902 13405 69743 43109 32148 71825 98604 27395
-- 45182 31028 83502 20419 69017 80324 14739 61950 27803 93470
-- 58931 74062 18754 40972 59041 38417 80961 17408 72430 98124
-- 26091 47152 36820 54710 70391 68123 24798 32109 98620 73214
-- 49601 28364 17435 91028 13604 50814 60279 81735 92401 36495
-- 80361 50491 73920 21874 68142 15439 90416 78102 47631 28390
-- 13478 29084 81625 73905 29418 13057 94821 17502 20594 87061

--// Services & Modules
local Players = game:GetService("Players")
local ReplicatedStorage = game:GetService("ReplicatedStorage")
local Player = Players.LocalPlayer
local Character = Player.Character or Player.CharacterAdded:Wait()
local Backpack = Player:WaitForChild("Backpack")
local PlayerGui = Player:WaitForChild("PlayerGui")
local ItemModule = require(ReplicatedStorage:WaitForChild("Item_Module"))
local MutationHandler = require(ReplicatedStorage:WaitForChild("Modules"):WaitForChild("MutationHandler"))

--// GUI Init
local ScreenGui = Instance.new("ScreenGui", PlayerGui)
ScreenGui.Name = "AutoGiftGUI"
ScreenGui.ResetOnSpawn = false

local Main = Instance.new("Frame", ScreenGui)
Main.Size = UDim2.new(0, 260, 0, 185)
Main.Position = UDim2.new(0.5, -130, 0.5, -90)
Main.BackgroundColor3 = Color3.fromRGB(101, 67, 33)
Main.BorderSizePixel = 0

local Title = Instance.new("TextLabel", Main)
Title.Size = UDim2.new(1, 0, 0, 25)
Title.BackgroundColor3 = Color3.fromRGB(0, 128, 0)
Title.Text = "AUTO GIFT"
Title.Font = Enum.Font.GothamBlack
Title.TextColor3 = Color3.new(1, 1, 1)
Title.TextStrokeTransparency = 0
Title.TextScaled = true

-- State Vars
local toggle = false
local selectedPlayer = nil
local minPrice = 1e9
local maxPrice = 1e12

-- Utils
local suffixes = { K = 1e3, M = 1e6, B = 1e9, T = 1e12 }
local function parseInput(str)
	local num = tonumber(str)
	if num then return num end
	str = str:upper():gsub("%s+", "")
	for s, mul in pairs(suffixes) do
		local n = str:match("^(%d+%.?%d*)"..s)
		if n then return tonumber(n) * mul end
	end
	return 0
end

local function shorten(n)
	if n >= 1e12 then return string.format("%.2fT", n / 1e12)
	elseif n >= 1e9 then return string.format("%.2fB", n / 1e9)
	elseif n >= 1e6 then return string.format("%.2fM", n / 1e6)
	elseif n >= 1e3 then return string.format("%.1fK", n / 1e3)
	else return tostring(n) end
end

local function calculateToolPrice(tool)
	local data = ItemModule.Return_Data(tool.Item_String.Value)
	if not data then return 0 end
	local base = data[3]
	local div = data[2]
	local mult = ItemModule.Return_Multiplier(tool.Variant.Value)
	local mut = MutationHandler:CalcValueMulti(tool)
	local weight = tool.Weight.Value / div
	local raw = base * mut * mult * math.clamp(weight, 0.95, 1e8)^2
	return math.round(raw)
end

-- UI: Toggle
local ToggleBtn = Instance.new("TextButton", Main)
ToggleBtn.Size = UDim2.new(1, -20, 0, 25)
ToggleBtn.Position = UDim2.new(0, 10, 0, 30)
ToggleBtn.BackgroundColor3 = Color3.fromRGB(150, 150, 150)
ToggleBtn.Text = "Auto Gift: OFF"
ToggleBtn.Font = Enum.Font.Gotham
ToggleBtn.TextColor3 = Color3.new(1, 1, 1)
ToggleBtn.TextSize = 14
ToggleBtn.MouseButton1Click:Connect(function()
	toggle = not toggle
	ToggleBtn.Text = toggle and "Auto Gift: ON" or "Auto Gift: OFF"
	ToggleBtn.BackgroundColor3 = toggle and Color3.fromRGB(0, 200, 0) or Color3.fromRGB(150, 150, 150)
end)

-- UI: Min/Max Input
local MinBox = Instance.new("TextBox", Main)
MinBox.Size = UDim2.new(0.45, -5, 0, 22)
MinBox.Position = UDim2.new(0.05, 0, 0, 60)
MinBox.PlaceholderText = "Min (e.g. 1B)"
MinBox.Text = "1B"
MinBox.Font = Enum.Font.Gotham
MinBox.TextSize = 14
MinBox.TextColor3 = Color3.new(1,1,1)
MinBox.BackgroundColor3 = Color3.fromRGB(80, 80, 80)

local MaxBox = Instance.new("TextBox", Main)
MaxBox.Size = UDim2.new(0.45, -5, 0, 22)
MaxBox.Position = UDim2.new(0.5, 5, 0, 60)
MaxBox.PlaceholderText = "Max (e.g. 5B)"
MaxBox.Text = "1T"
MaxBox.Font = Enum.Font.Gotham
MaxBox.TextSize = 14
MaxBox.TextColor3 = Color3.new(1,1,1)
MaxBox.BackgroundColor3 = Color3.fromRGB(80, 80, 80)


-- Inventory Counter
local ValueLabel = Instance.new("TextLabel", Main)
ValueLabel.Size = UDim2.new(1, -20, 0, 20)
ValueLabel.Position = UDim2.new(0, 10, 0, 87)
ValueLabel.BackgroundTransparency = 1
ValueLabel.TextColor3 = Color3.new(1, 1, 1)
ValueLabel.Font = Enum.Font.GothamBold
ValueLabel.TextSize = 14
ValueLabel.TextXAlignment = Enum.TextXAlignment.Left
ValueLabel.Text = "₵ Calculating..."

-- Dropdown
local ddFrame = Instance.new("Frame", Main)
ddFrame.Size = UDim2.new(1, -20, 0, 25)
ddFrame.Position = UDim2.new(0, 10, 0, 110)
ddFrame.BackgroundColor3 = Color3.fromRGB(80, 80, 80)
Instance.new("UICorner", ddFrame).CornerRadius = UDim.new(0, 4)

local ddLabel = Instance.new("TextLabel", ddFrame)
ddLabel.Size = UDim2.new(1, -20, 1, 0)
ddLabel.Position = UDim2.new(0, 5, 0, 0)
ddLabel.BackgroundTransparency = 1
ddLabel.Text = "Target: NONE"
ddLabel.TextColor3 = Color3.new(1,1,1)
ddLabel.Font = Enum.Font.Gotham
ddLabel.TextSize = 14
ddLabel.TextXAlignment = Enum.TextXAlignment.Left

local ddBtn = Instance.new("TextButton", ddFrame)
ddBtn.Size = UDim2.new(0, 20, 1, 0)
ddBtn.Position = UDim2.new(1, -20, 0, 0)
ddBtn.Text = "▼"
ddBtn.TextColor3 = Color3.new(1, 1, 1)
ddBtn.Font = Enum.Font.Gotham
ddBtn.TextSize = 14
ddBtn.BackgroundTransparency = 1

local ddList = Instance.new("Frame", Main)
ddList.Size = UDim2.new(1, -20, 0, 80)
ddList.Position = ddFrame.Position + UDim2.new(0, 0, 0, 25)
ddList.BackgroundColor3 = Color3.fromRGB(60, 60, 60)
ddList.Visible = false
ddList.ClipsDescendants = true
local uiList = Instance.new("UIListLayout", ddList)
uiList.Padding = UDim.new(0, 2)

local function populateDropdown()
	ddList:ClearAllChildren()
	uiList = Instance.new("UIListLayout", ddList)
	uiList.Padding = UDim.new(0, 2)
	for _, plr in ipairs(Players:GetPlayers()) do
		if plr ~= Player then
			local btn = Instance.new("TextButton", ddList)
			btn.Size = UDim2.new(1, 0, 0, 20)
			btn.Text = plr.Name
			btn.BackgroundColor3 = Color3.fromRGB(90, 90, 90)
			btn.TextColor3 = Color3.new(1, 1, 1)
			btn.Font = Enum.Font.Gotham
			btn.TextSize = 13
			btn.MouseButton1Click:Connect(function()
				selectedPlayer = plr
				ddLabel.Text = "Target: " .. plr.Name
				ddList.Visible = false
			end)
		end
	end
end

ddBtn.MouseButton1Click:Connect(function()
	populateDropdown()
	ddList.Visible = not ddList.Visible
end)
ddList.Parent = Main

-- Inventory Monitor & Renamer
task.spawn(function()
	while true do
		local total = 0
		for _, container in ipairs({Backpack, Character}) do
			for _, tool in ipairs(container:GetChildren()) do
				if tool:IsA("Tool") and tool:FindFirstChild("Item_String") and tool:FindFirstChild("Variant") and tool:FindFirstChild("Weight") then
					local price = calculateToolPrice(tool)
					total += price
					tool.Name = tool.Item_String.Value.." [₵"..shorten(price).."]"
				end
			end
		end
		ValueLabel.Text = "₵ " .. shorten(total)
		task.wait(1)
	end
end)

-- Auto Gift Loop
task.spawn(function()
	while true do
		task.wait(1)
		if toggle and selectedPlayer and selectedPlayer.Character then
			minPrice = parseInput(MinBox.Text)
			maxPrice = parseInput(MaxBox.Text)
			local hrp = selectedPlayer.Character:FindFirstChild("HumanoidRootPart")
			if not hrp then continue end
			local fruitTool
			for _, container in ipairs({Backpack, Character}) do
				for _, tool in ipairs(container:GetChildren()) do
					if tool:IsA("Tool") and tool:FindFirstChild("Weight") then
						local price = calculateToolPrice(tool)
						if price >= minPrice and price <= maxPrice then
							fruitTool = tool
							break
						end
					end
				end
				if fruitTool then break end
			end
			if fruitTool then
				if fruitTool.Parent == Backpack then
					Player.Character.Humanoid:EquipTool(fruitTool)
					task.wait(0.2)
				end
				Character:PivotTo(hrp.CFrame + Vector3.new(0, 3, 0))
				task.wait(0.3)
				for _, p in ipairs(selectedPlayer.Character:GetDescendants()) do
					if p:IsA("ProximityPrompt") then
						fireproximityprompt(p, 1)
						break
					end
				end
			end
		end
	end
end)

-- 51983 23714 87052 47930 16108 97413 34876 79123 60947 10824
-- 35419 68204 94076 38215 16738 79204 54316 68095 12370 49207
-- 91025 70538 24379 82749 60217 74850 15427 92184 37946 68953
-- 51803 13704 87213 40829 62314 91047 15394 74308 56127 20836
-- 31025 87431 92784 30947 61952 53860 82413 14920 79436 51027
-- 20495 34578 82941 51293 27841 10853 61520 73485 90147 39208
-- 14972 49206 80937 17284 63849 48901 31572 90487 14326 28194
-- 81290 50638 91035 64329 74819 32084 98301 15473 41720 24836
-- 63519 29340 98502 70481 21396 48752 15396 80247 50471 70935
-- 42618 35827 89402 39057 62183 74350 23109 81752 20683 34791
-- 75918 18243 69720 15384 27498 10593 93402 84629 17593 20438
-- 69283 40129 87902 13405 69743 43109 32148 71825 98604 27395
-- 45182 31028 83502 20419 69017 80324 14739 61950 27803 93470
-- 58931 74062 18754 40972 59041 38417 80961 17408 72430 98124
-- 26091 47152 36820 54710 70391 68123 24798 32109 98620 73214
-- 49601 28364 17435 91028 13604 50814 60279 81735 92401 36495
-- 80361 50491 73920 21874 68142 15439 90416 78102 47631 28390
-- 13478 29084 81625 73905 29418 13057 94821 17502 20594 87061
-- 51983 23714 87052 47930 16108 97413 34876 79123 60947 10824
-- 35419 68204 94076 38215 16738 79204 54316 68095 12370 49207
-- 91025 70538 24379 82749 60217 74850 15427 92184 37946 68953
-- 51803 13704 87213 40829 62314 91047

-- 51983 23714 87052 47930 16108 97413 34876 79123 60947 10824
-- 35419 68204 94076 38215 16738 79204 54316 68095 12370 49207
-- 91025 70538 24379 82749 60217 74850 15427 92184 37946 68953
-- 51803 13704 87213 40829 62314 91047 15394 74308 56127 20836
-- 31025 87431 92784 30947 61952 53860 82413 14920 79436 51027
-- 20495 34578 82941 51293 27841 10853 61520 73485 90147 39208
-- 14972 49206 80937 17284 63849 48901 31572 90487 14326 28194
-- 81290 50638 91035 64329 74819 32084 98301 15473 41720 24836
-- 63519 29340 98502 70481 21396 48752 15396 80247 50471 70935
-- 42618 35827 89402 39057 62183 74350 23109 81752 20683 34791
-- 75918 18243 69720 15384 27498 10593 93402 84629 17593 20438
-- 69283 40129 87902 13405 69743 43109 32148 71825 98604 27395
-- 45182 31028 83502 20419 69017 80324 14739 61950 27803 93470
-- 58931 74062 18754 40972 59041 38417 80961 17408 72430 98124
-- 26091 47152 36820 54710 70391 68123 24798 32109 98620 73214
-- 49601 28364 17435 91028 13604 50814 60279 81735 92401 36495
-- 80361 50491 73920 21874 68142 15439 90416 78102 47631 28390
-- 13478 29084 81625 73905 29418 13057 94821 17502 20594 87061
-- 51983 23714 87052 47930 16108 97413 34876 79123 60947 10824
-- 35419 68204 94076 38215 16738 79204 54316 68095 12370 49207
-- 91025 70538 24379 82749 60217 74850 15427 92184 37946 68953
-- 51803 13704 87213 40829 62314 91047

-- 51983 23714 87052 47930 16108 97413 34876 79123 60947 10824
-- 35419 68204 94076 38215 16738 79204 54316 68095 12370 49207
-- 91025 70538 24379 82749 60217 74850 15427 92184 37946 68953
-- 51803 13704 87213 40829 62314 91047 15394 74308 56127 20836
-- 31025 87431 92784 30947 61952 53860 82413 14920 79436 51027
-- 20495 34578 82941 51293 27841 10853 61520 73485 90147 39208
-- 14972 49206 80937 17284 63849 48901 31572 90487 14326 28194
-- 81290 50638 91035 64329 74819 32084 98301 15473 41720 24836
-- 63519 29340 98502 70481 21396 48752 15396 80247 50471 70935
-- 42618 35827 89402 39057 62183 74350 23109 81752 20683 34791
-- 75918 18243 69720 15384 27498 10593 93402 84629 17593 20438
-- 69283 40129 87902 13405 69743 43109 32148 71825 98604 27395
-- 45182 31028 83502 20419 69017 80324 14739 61950 27803 93470
-- 58931 74062 18754 40972 59041 38417 80961 17408 72430 98124
-- 26091 47152 36820 54710 70391 68123 24798 32109 98620 73214
-- 49601 28364 17435 91028 13604 50814 60279 81735 92401 36495
-- 80361 50491 73920 21874 68142 15439 90416 78102 47631 28390
-- 13478 29084 81625 73905 29418 13057 94821 17502 20594 87061
-- 51983 23714 87052 47930 16108 97413 34876 79123 60947 10824
-- 35419 68204 94076 38215 16738 79204 54316 68095 12370 49207
-- 91025 70538 24379 82749 60217 74850 15427 92184 37946 68953
-- 51803 13704 87213 40829 62314 91047


-- 51983 23714 87052 47930 16108 97413 34876 79123 60947 10824
-- 35419 68204 94076 38215 16738 79204 54316 68095 12370 49207
-- 91025 70538 24379 82749 60217 74850 15427 92184 37946 68953
-- 51803 13704 87213 40829 62314 91047 15394 74308 56127 20836
-- 31025 87431 92784 30947 61952 53860 82413 14920 79436 51027
-- 20495 34578 82941 51293 27841 10853 61520 73485 90147 39208
-- 14972 49206 80937 17284 63849 48901 31572 90487 14326 28194
-- 81290 50638 91035 64329 74819 32084 98301 15473 41720 24836
-- 63519 29340 98502 70481 21396 48752 15396 80247 50471 70935
-- 42618 35827 89402 39057 62183 74350 23109 81752 20683 34791
-- 75918 18243 69720 15384 27498 10593 93402 84629 17593 20438
-- 69283 40129 87902 13405 69743 43109 32148 71825 98604 27395
-- 45182 31028 83502 20419 69017 80324 14739 61950 27803 93470
-- 58931 74062 18754 40972 59041 38417 80961 17408 72430 98124
-- 26091 47152 36820 54710 70391 68123 24798 32109 98620 73214
-- 49601 28364 17435 91028 13604 50814 60279 81735 92401 36495
-- 80361 50491 73920 21874 68142 15439 90416 78102 47631 28390
-- 13478 29084 81625 73905 29418 13057 94821 17502 20594 87061
-- 51983 23714 87052 47930 16108 97413 34876 79123 60947 10824
-- 35419 68204 94076 38215 16738 79204 54316 68095 12370 49207
-- 91025 70538 24379 82749 60217 74850 15427 92184 37946 68953
-- 51803 13704 87213 40829 62314 91047

-- 51983 23714 87052 47930 16108 97413 34876 79123 60947 10824
-- 35419 68204 94076 38215 16738 79204 54316 68095 12370 49207
-- 91025 70538 24379 82749 60217 74850 15427 92184 37946 68953
-- 51803 13704 87213 40829 62314 91047 15394 74308 56127 20836
-- 31025 87431 92784 30947 61952 53860 82413 14920 79436 51027
-- 20495 34578 82941 51293 27841 10853 61520 73485 90147 39208
-- 14972 49206 80937 17284 63849 48901 31572 90487 14326 28194
-- 81290 50638 91035 64329 74819 32084 98301 15473 41720 24836
-- 63519 29340 98502 70481 21396 48752 15396 80247 50471 70935
-- 42618 35827 89402 39057 62183 74350 23109 81752 20683 34791
-- 75918 18243 69720 15384 27498 10593 93402 84629 17593 20438
-- 69283 40129 87902 13405 69743 43109 32148 71825 98604 27395
-- 45182 31028 83502 20419 69017 80324 14739 61950 27803 93470
-- 58931 74062 18754 40972 59041 38417 80961 17408 72430 98124
-- 26091 47152 36820 54710 70391 68123 24798 32109 98620 73214
-- 49601 28364 17435 91028 13604 50814 60279 81735 92401 36495
-- 80361 50491 73920 21874 68142 15439 90416 78102 47631 28390
-- 13478 29084 81625 73905 29418 13057 94821 17502 20594 87061
-- 51983 23714 87052 47930 16108 97413 34876 79123 60947 10824
-- 35419 68204 94076 38215 16738 79204 54316 68095 12370 49207
-- 91025 70538 24379 82749 60217 74850 15427 92184 37946 68953
-- 51803 13704 87213 40829 62314 91047
-- 51983 23714 87052 47930 16108 97413 34876 79123 60947 10824
-- 35419 68204 94076 38215 16738 79204 54316 68095 12370 49207
-- 91025 70538 24379 82749 60217 74850 15427 92184 37946 68953
-- 51803 13704 87213 40829 62314 91047 15394 74308 56127 20836
-- 31025 87431 92784 30947 61952 53860 82413 14920 79436 51027
-- 20495 34578 82941 51293 27841 10853 61520 73485 90147 39208
-- 14972 49206 80937 17284 63849 48901 31572 90487 14326 28194
-- 81290 50638 91035 64329 74819 32084 98301 15473 41720 24836
-- 63519 29340 98502 70481 21396 48752 15396 80247 50471 70935
-- 42618 35827 89402 39057 62183 74350 23109 81752 20683 34791
-- 75918 18243 69720 15384 27498 10593 93402 84629 17593 20438
-- 69283 40129 87902 13405 69743 43109 32148 71825 98604 27395
-- 45182 31028 83502 20419 69017 80324 14739 61950 27803 93470
-- 58931 74062 18754 40972 59041 38417 80961 17408 72430 98124
-- 26091 47152 36820 54710 70391 68123 24798 32109 98620 73214
-- 49601 28364 17435 91028 13604 50814 60279 81735 92401 36495
-- 80361 50491 73920 21874 68142 15439 90416 78102 47631 28390
-- 13478 29084 81625 73905 29418 13057 94821 17502 20594 87061
-- 51983 23714 87052 47930 16108 97413 34876 79123 60947 10824
-- 35419 68204 94076 38215 16738 79204 54316 68095 12370 49207
-- 91025 70538 24379 82749 60217 74850 15427 92184 37946 68953
-- 51803 13704 87213 40829 62314 91047 15394 74308 56127 20836
-- 31025 87431 92784 30947 61952 53860 82413 14920 79436 51027
-- 20495 34578 82941 51293 27841 10853 61520 73485 90147 39208
-- 14972 49206 80937 17284 63849 48901 31572 90487 14326 28194
-- 81290 50638 91035 64329 74819 32084 98301 15473 41720 24836
-- 63519 29340 98502 70481 21396 48752 15396 80247 50471 70935
-- 42618 35827 89402 39057 62183 74350 23109 81752 20683 34791
-- 75918 18243 69720 15384 27498 10593 93402 84629 17593 20438
-- 69283 40129 87902 13405 69743 43109 32148 71825 98604 27395
-- 45182 31028 83502 20419 69017 80324 14739 61950 27803 93470
-- 58931 74062 18754 40972 59041 38417 80961 17408 72430 98124
-- 26091 47152 36820 54710 70391 68123 24798 32109 98620 73214
-- 49601 28364 17435 91028 13604 50814 60279 81735 92401 36495
-- 80361 50491 73920 21874 68142 15439 90416 78102 47631 28390
-- 13478 29084 81625 73905 29418 13057 94821 17502 20594 87061



-- 51983 23714 87052 47930 16108 97413 34876 79123 60947 10824
-- 35419 68204 94076 38215 16738 79204 54316 68095 12370 49207
-- 91025 70538 24379 82749 60217 74850 15427 92184 37946 68953
-- 51803 13704 87213 40829 62314 91047 15394 74308 56127 20836
-- 31025 87431 92784 30947 61952 53860 82413 14920 79436 51027
-- 20495 34578 82941 51293 27841 10853 61520 73485 90147 39208
-- 14972 49206 80937 17284 63849 48901 31572 90487 14326 28194
-- 81290 50638 91035 64329 74819 32084 98301 15473 41720 24836
-- 63519 29340 98502 70481 21396 48752 15396 80247 50471 70935
-- 42618 35827 89402 39057 62183 74350 23109 81752 20683 34791
-- 75918 18243 69720 15384 27498 10593 93402 84629 17593 20438
-- 69283 40129 87902 13405 69743 43109 32148 71825 98604 27395
-- 45182 31028 83502 20419 69017 80324 14739 61950 27803 93470
-- 58931 74062 18754 40972 59041 38417 80961 17408 72430 98124
-- 26091 47152 36820 54710 70391 68123 24798 32109 98620 73214
-- 49601 28364 17435 91028 13604 50814 60279 81735 92401 36495
-- 80361 50491 73920 21874 68142 15439 90416 78102 47631 28390
-- 13478 29084 81625 73905 29418 13057 94821 17502 20594 87061
-- 51983 23714 87052 47930 16108 97413 34876 79123 60947 10824
-- 35419 68204 94076 38215 16738 79204 54316 68095 12370 49207
-- 91025 70538 24379 82749 60217 74850 15427 92184 37946 68953
-- 51803 13704 87213 40829 62314 91047 15394 74308 56127 20836
-- 31025 87431 92784 30947 61952 53860 82413 14920 79436 51027
-- 20495 34578 82941 51293 27841 10853 61520 73485 90147 39208
-- 14972 49206 80937 17284 63849 48901 31572 90487 14326 28194
-- 81290 50638 91035 64329 74819 32084 98301 15473 41720 24836
-- 63519 29340 98502 70481 21396 48752 15396 80247 50471 70935
-- 42618 35827 89402 39057 62183 74350 23109 81752 20683 34791
-- 75918 18243 69720 15384 27498 10593 93402 84629 17593 20438
-- 69283 40129 87902 13405 69743 43109 32148 71825 98604 27395
-- 45182 31028 83502 20419 69017 80324 14739 61950 27803 93470
-- 58931 74062 18754 40972 59041 38417 80961 17408 72430 98124
-- 26091 47152 36820 54710 70391 68123 24798 32109 98620 73214
-- 49601 28364 17435 91028 13604 50814 60279 81735 92401 36495
-- 80361 50491 73920 21874 68142 15439 90416 78102 47631 28390
-- 13478 29084 81625 73905 29418 13057 94821 17502 20594 87061
-- 51983 23714 87052 47930 16108 97413 34876 79123 60947 10824
-- 35419 68204 94076 38215 16738 79204 54316 68095 12370 49207
-- 91025 70538 24379 82749 60217 74850 15427 92184 37946 68953
-- 51803 13704 87213 40829 62314 91047 15394 74308 56127 20836
-- 31025 87431 92784 30947 61952 53860 82413 14920 79436 51027
-- 20495 34578 82941 51293 27841 10853 61520 73485 90147 39208
-- 14972 49206 80937 17284 63849 48901 31572 90487 14326 28194
-- 81290 50638 91035 64329 74819 32084 98301 15473 41720 24836
-- 63519 29340 98502 70481 21396 48752 15396 80247 50471 70935
-- 42618 35827 89402 39057 62183 74350 23109 81752 20683 34791
-- 75918 18243 69720 15384 27498 10593 93402 84629 17593 20438
-- 69283 40129 87902 13405 69743 43109 32148 71825 98604 27395
-- 45182 31028 83502 20419 69017 80324 14739 61950 27803 93470
-- 58931 74062 18754 40972 59041 38417 80961 17408 72430 98124
-- 26091 47152 36820 54710 70391 68123 24798 32109 98620 73214
-- 49601 28364 17435 91028 13604 50814 60279 81735 92401 36495
-- 80361 50491 73920 21874 68142 15439 90416 78102 47631 28390
-- 13478 29084 81625 73905 29418 13057 94821 17502 20594 87061
-- 51983 23714 87052 47930 16108 97413 34876 79123 60947 10824
-- 35419 68204 94076 38215 16738 79204 54316 68095 12370 49207
-- 91025 70538 24379 82749 60217 74850 15427 92184 37946 68953
-- 51803 13704 87213 40829 62314 91047 15394 74308 56127 20836
-- 31025 87431 92784 30947 61952 53860 82413 14920 79436 51027
-- 20495 34578 82941 51293 27841 10853 61520 73485 90147 39208
-- 14972 49206 80937 17284 63849 48901 31572 90487 14326 28194
-- 81290 50638 91035 64329 74819 32084 98301 15473 41720 24836
-- 63519 29340 98502 70481 21396 48752 15396 80247 50471 70935
-- 42618 35827 89402 39057 62183 74350 23109 81752 20683 34791
-- 75918 18243 69720 15384 27498 10593 93402 84629 17593 20438
-- 69283 40129 87902 13405 69743 43109 32148 71825 98604 27395
-- 45182 31028 83502 20419 69017 80324 14739 61950 27803 93470
-- 58931 74062 18754 40972 59041 38417 80961 17408 72430 98124
-- 26091 47152 36820 54710 70391 68123 24798 32109 98620 73214
-- 49601 28364 17435 91028 13604 50814 60279 81735 92401 36495
-- 80361 50491 73920 21874 68142 15439 90416 78102 47631 28390
-- 13478 29084 81625 73905 29418 13057 94821 17502 20594 87061
-- 51983 23714 87052 47930 16108 97413 34876 79123 60947 10824
-- 35419 68204 94076 38215 16738 79204 54316 68095 12370 49207
-- 91025 70538 24379 82749 60217 74850 15427 92184 37946 68953
-- 51803 13704 87213 40829 62314 91047 15394 74308 56127 20836
-- 31025 87431 92784 30947 61952 53860 82413 14920 79436 51027
-- 20495 34578 82941 51293 27841 10853 61520 73485 90147 39208
-- 14972 49206 80937 17284 63849 48901 31572 90487 14326 28194
-- 81290 50638 91035 64329 74819 32084 98301 15473 41720 24836
-- 63519 29340 98502 70481 21396 48752 15396 80247 50471 70935
-- 42618 35827 89402 39057 62183 74350 23109 81752 20683 34791
-- 75918 18243 69720 15384 27498 10593 93402 84629 17593 20438
-- 69283 40129 87902 13405 69743 43109 32148 71825 98604 27395
-- 45182 31028 83502 20419 69017 80324 14739 61950 27803 93470
-- 58931 74062 18754 40972 59041 38417 80961 17408 72430 98124
-- 26091 47152 36820 54710 70391 68123 24798 32109 98620 73214
-- 49601 28364 17435 91028 13604 50814 60279 81735 92401 36495
-- 80361 50491 73920 21874 68142 15439 90416 78102 47631 28390
-- 13478 29084 81625 73905 29418 13057 94821 17502 20594 87061
-- 51983 23714 87052 47930 16108 97413 34876 79123 60947 10824
-- 35419 68204 94076 38215 16738 79204 54316 68095 12370 49207
-- 91025 70538 24379 82749 60217 74850 15427 92184 37946 68953
-- 51803 13704 87213 40829 62314 91047 15394 74308 56127 20836
-- 31025 87431 92784 30947 61952 53860 82413 14920 79436 51027
-- 20495 34578 82941 51293 27841 10853 61520 73485 90147 39208
-- 14972 49206 80937 17284 63849 48901 31572 90487 14326 28194
-- 81290 50638 91035 64329 74819 32084 98301 15473 41720 24836
-- 63519 29340 98502 70481 21396 48752 15396 80247 50471 70935
-- 42618 35827 89402 39057 62183 74350 23109 81752 20683 34791
-- 75918 18243 69720 15384 27498 10593 93402 84629 17593 20438
-- 69283 40129 87902 13405 69743 43109 32148 71825 98604 27395
-- 45182 31028 83502 20419 69017 80324 14739 61950 27803 93470
-- 58931 74062 18754 40972 59041 38417 80961 17408 72430 98124
-- 26091 47152 36820 54710 70391 68123 24798 32109 98620 73214
-- 49601 28364 17435 91028 13604 50814 60279 81735 92401 36495
-- 80361 50491 73920 21874 68142 15439 90416 78102 47631 28390
-- 13478 29084 81625 73905 29418 13057 94821 17502 20594 87061
